0.000 35.853 35.586 66.336 59.707 44.210 20.405 62.875 40.587 68.357 70.411 28.735 30.578 39.544 41.048 62.467 50.047 54.054 32.526 33.069 
35.853 0.000 70.870 85.436 43.498 77.283 56.220 94.452 24.054 92.026 100.417 25.894 6.525 45.701 72.940 71.095 78.721 82.559 58.806 62.327 
35.586 70.870 0.000 72.293 91.881 13.999 15.913 48.228 68.932 67.606 57.848 55.778 66.011 65.106 33.655 80.044 46.023 48.911 27.290 36.977 
66.336 85.436 72.293 0.000 66.597 86.235 63.976 38.925 102.487 13.045 35.258 93.244 79.123 41.074 39.059 24.356 27.598 26.372 91.239 36.887 
59.707 43.498 91.881 66.597 0.000 102.948 76.109 92.866 67.552 77.837 94.846 67.129 41.088 31.064 76.289 43.864 75.066 77.701 91.497 64.697 
44.210 77.283 13.999 86.235 102.948 0.000 27.408 60.160 70.955 81.177 69.847 58.231 73.234 77.679 47.428 93.789 59.701 62.410 23.391 50.917 
20.405 56.220 15.913 63.976 76.109 27.408 0.000 48.901 57.674 62.005 57.750 44.682 50.972 50.287 29.046 67.718 40.855 44.504 27.457 27.091 
62.875 94.452 48.228 38.925 92.866 60.160 48.901 0.000 103.460 27.755 9.687 91.286 88.039 61.989 21.885 59.294 17.808 15.425 74.076 32.197 
40.587 24.054 68.932 102.487 67.552 70.955 57.674 103.460 0.000 106.869 110.920 13.164 27.515 65.824 81.631 91.693 90.153 94.159 48.605 73.067 
68.357 92.026 67.606 13.045 77.837 81.177 62.005 27.755 106.869 0.000 22.647 96.528 85.550 50.061 34.065 37.056 21.638 18.781 89.425 36.003 
70.411 100.417 57.848 35.258 94.846 69.847 57.750 9.687 110.920 22.647 0.000 99.064 93.927 64.614 29.542 57.882 21.757 18.107 83.441 38.297 
28.735 25.894 55.778 93.244 67.129 58.231 44.682 91.286 13.164 96.528 99.064 0.000 26.188 59.402 69.592 84.964 78.768 82.777 36.530 61.747 
30.578 6.525 66.011 79.123 41.088 73.234 50.972 88.039 27.515 85.550 93.927 26.188 0.000 39.808 66.600 65.439 72.221 76.050 56.032 55.885 
39.544 45.701 65.106 41.074 31.064 77.679 50.287 61.989 65.824 50.061 64.614 59.402 39.808 0.000 45.394 25.870 44.185 47.026 71.612 34.005 
41.048 72.940 33.655 39.059 76.289 47.428 29.046 21.885 81.631 34.065 29.542 69.592 66.600 45.394 0.000 51.204 12.428 15.682 56.003 11.803 
62.467 71.095 80.044 24.356 43.864 93.789 67.718 59.294 91.693 37.056 57.882 84.964 65.439 25.870 51.204 0.000 43.540 44.345 92.658 43.397 
50.047 78.721 46.023 27.598 75.066 59.701 40.855 17.808 90.153 21.638 21.757 78.768 72.221 44.185 12.428 43.540 0.000 4.011 68.118 17.086 
54.054 82.559 48.911 26.372 77.701 62.410 44.504 15.425 94.159 18.781 18.107 82.777 76.050 47.026 15.682 44.345 4.011 0.000 71.645 21.093 
32.526 58.806 27.290 91.239 91.497 23.391 27.457 74.076 48.605 89.425 83.441 36.530 56.032 71.612 56.003 92.658 68.118 71.645 0.000 54.391 
33.069 62.327 36.977 36.887 64.697 50.917 27.091 32.197 73.067 36.003 38.297 61.747 55.885 34.005 11.803 43.397 17.086 21.093 54.391 0.000 
